/*--------------------------------*- C++ -*----------------------------------*\
| =========                 |                                                 |
| \\      /  F ield         | OpenFOAM: The Open Source CFD Toolbox           |
|  \\    /   O peration     | Version:  v1712                                 |
|   \\  /    A nd           | Web:      www.OpenFOAM.com                      |
|    \\/     M anipulation  |                                                 |
\*---------------------------------------------------------------------------*/
FoamFile
{
    version     2.0;
    format      ascii;
    class       volScalarField;
    location    "0.5";
    object      Ma;
}
// * * * * * * * * * * * * * * * * * * * * * * * * * * * * * * * * * * * * * //

dimensions      [0 0 0 0 0 0 0];


internalField   nonuniform List<scalar> 
400
(
0.394689
0.394689
0.394689
0.394689
0.394689
0.394689
0.394689
0.394689
0.394689
0.394689
0.394689
0.394689
0.394689
0.394689
0.394689
0.394689
0.394689
0.394689
0.394689
0.394689
0.394689
0.394689
0.394689
0.394689
0.394689
0.394689
0.394689
0.394689
0.394689
0.394689
0.394689
0.394689
0.394689
0.394689
0.394689
0.394689
0.394689
0.394689
0.394689
0.394689
0.394695
0.394695
0.394695
0.394695
0.394695
0.394695
0.394695
0.394695
0.394695
0.394695
0.394695
0.394695
0.394695
0.394695
0.394695
0.394695
0.394695
0.394695
0.394695
0.394695
0.394766
0.394766
0.394766
0.394766
0.394766
0.394766
0.394766
0.394766
0.394766
0.394766
0.394766
0.394766
0.394766
0.394766
0.394766
0.394766
0.394766
0.394766
0.394766
0.394766
0.39484
0.39484
0.39484
0.39484
0.39484
0.39484
0.39484
0.39484
0.39484
0.39484
0.39484
0.39484
0.39484
0.39484
0.39484
0.39484
0.39484
0.39484
0.39484
0.39484
0.394865
0.394865
0.394865
0.394865
0.394865
0.394865
0.394865
0.394865
0.394865
0.394865
0.394865
0.394865
0.394865
0.394865
0.394865
0.394865
0.394865
0.394865
0.394865
0.394865
0.394782
0.394781
0.394781
0.394781
0.394781
0.394781
0.394781
0.394781
0.394781
0.394781
0.394781
0.394781
0.394781
0.394781
0.394781
0.394781
0.394781
0.394781
0.394781
0.394782
0.394526
0.394526
0.394526
0.394526
0.394526
0.394526
0.394526
0.394526
0.394526
0.394526
0.394526
0.394526
0.394526
0.394526
0.394526
0.394526
0.394526
0.394526
0.394526
0.394526
0.393172
0.393171
0.393171
0.393171
0.393171
0.393171
0.393171
0.393171
0.393171
0.393171
0.393171
0.393171
0.393171
0.393171
0.393171
0.393171
0.393171
0.393171
0.393171
0.393172
0.391073
0.391073
0.391073
0.391073
0.391073
0.391073
0.391073
0.391073
0.391073
0.391073
0.391073
0.391073
0.391073
0.391073
0.391073
0.391073
0.391073
0.391073
0.391073
0.391073
0.38902
0.38902
0.38902
0.38902
0.38902
0.38902
0.38902
0.38902
0.38902
0.38902
0.38902
0.38902
0.38902
0.38902
0.38902
0.38902
0.38902
0.38902
0.38902
0.38902
0.384073
0.384074
0.384074
0.384074
0.384074
0.384074
0.384074
0.384074
0.384074
0.384074
0.384074
0.384074
0.384074
0.384074
0.384074
0.384074
0.384074
0.384074
0.384074
0.384073
0.363519
0.36352
0.36352
0.36352
0.36352
0.36352
0.36352
0.36352
0.36352
0.36352
0.36352
0.36352
0.36352
0.36352
0.36352
0.36352
0.36352
0.36352
0.36352
0.363519
0.304497
0.304499
0.304499
0.304499
0.304499
0.304499
0.304499
0.304499
0.304499
0.304499
0.304499
0.304499
0.304499
0.304499
0.304499
0.304499
0.304499
0.304499
0.304499
0.304497
0.455881
0.455891
0.455891
0.455891
0.455891
0.455891
0.455891
0.455891
0.455891
0.455891
0.455891
0.455891
0.455891
0.455891
0.455891
0.455891
0.455891
0.455891
0.455891
0.455881
1.39334
1.39335
1.39335
1.39335
1.39335
1.39335
1.39335
1.39335
1.39335
1.39335
1.39335
1.39335
1.39335
1.39335
1.39335
1.39335
1.39335
1.39335
1.39335
1.39334
3.43051
3.43051
3.43051
3.43051
3.43051
3.43051
3.43051
3.43051
3.43051
3.43051
3.43051
3.43051
3.43051
3.43051
3.43051
3.43051
3.43051
3.43051
3.43051
3.43051
4.40516
4.40515
4.40515
4.40515
4.40515
4.40515
4.40515
4.40515
4.40515
4.40515
4.40515
4.40515
4.40515
4.40515
4.40515
4.40515
4.40515
4.40515
4.40515
4.40516
4.80293
4.80293
4.80293
4.80293
4.80293
4.80293
4.80293
4.80293
4.80293
4.80293
4.80293
4.80293
4.80293
4.80293
4.80293
4.80293
4.80293
4.80293
4.80293
4.80293
4.93613
4.93613
4.93613
4.93613
4.93613
4.93613
4.93613
4.93613
4.93613
4.93613
4.93613
4.93613
4.93613
4.93613
4.93613
4.93613
4.93613
4.93613
4.93613
4.93613
)
;

boundaryField
{
    inlet
    {
        type            calculated;
        value           uniform 5.00001;
    }
    outlet
    {
        type            calculated;
        value           nonuniform List<scalar> 
20
(
0.394689
0.394689
0.394689
0.394689
0.394689
0.394689
0.394689
0.394689
0.394689
0.394689
0.394689
0.394689
0.394689
0.394689
0.394689
0.394689
0.394689
0.394689
0.394689
0.394689
)
;
    }
    left
    {
        type            cyclic;
    }
    right
    {
        type            cyclic;
    }
    frontAndBack
    {
        type            empty;
    }
}


// ************************************************************************* //
