/*--------------------------------*- C++ -*----------------------------------*\
| =========                 |                                                 |
| \\      /  F ield         | OpenFOAM: The Open Source CFD Toolbox           |
|  \\    /   O peration     | Version:  v1712                                 |
|   \\  /    A nd           | Web:      www.OpenFOAM.com                      |
|    \\/     M anipulation  |                                                 |
\*---------------------------------------------------------------------------*/
FoamFile
{
    version     2.0;
    format      ascii;
    class       volScalarField;
    location    "0.5";
    object      p;
}
// * * * * * * * * * * * * * * * * * * * * * * * * * * * * * * * * * * * * * //

dimensions      [1 -1 -2 0 0 0 0];


internalField   nonuniform List<scalar> 
400
(
0.75
0.75
0.75
0.75
0.75
0.75
0.75
0.75
0.75
0.75
0.75
0.75
0.75
0.75
0.75
0.75
0.75
0.75
0.75
0.75
0.75
0.75
0.75
0.75
0.75
0.75
0.75
0.75
0.75
0.75
0.75
0.75
0.75
0.75
0.75
0.75
0.75
0.75
0.75
0.75
0.750003
0.750003
0.750003
0.750003
0.750003
0.750003
0.750003
0.750003
0.750003
0.750003
0.750003
0.750003
0.750003
0.750003
0.750003
0.750003
0.750003
0.750003
0.750003
0.750003
0.75008
0.75008
0.75008
0.75008
0.75008
0.75008
0.75008
0.75008
0.75008
0.75008
0.75008
0.75008
0.75008
0.75008
0.75008
0.75008
0.75008
0.75008
0.75008
0.75008
0.750948
0.750948
0.750948
0.750948
0.750948
0.750948
0.750948
0.750948
0.750948
0.750948
0.750948
0.750948
0.750948
0.750948
0.750948
0.750948
0.750948
0.750948
0.750948
0.750948
0.750909
0.750909
0.750909
0.750909
0.750909
0.750909
0.750909
0.750909
0.750909
0.750909
0.750909
0.750909
0.750909
0.750909
0.750909
0.750909
0.750909
0.750909
0.750909
0.750909
0.750622
0.750622
0.750622
0.750622
0.750622
0.750622
0.750622
0.750622
0.750622
0.750622
0.750622
0.750622
0.750622
0.750622
0.750622
0.750622
0.750622
0.750622
0.750622
0.750622
0.750309
0.750309
0.750309
0.750309
0.750309
0.750309
0.750309
0.750309
0.750309
0.750309
0.750309
0.750309
0.750309
0.750309
0.750309
0.750309
0.750309
0.750309
0.750309
0.750309
0.749254
0.749253
0.749253
0.749253
0.749253
0.749253
0.749253
0.749253
0.749253
0.749253
0.749253
0.749253
0.749253
0.749253
0.749253
0.749253
0.749253
0.749253
0.749253
0.749254
0.741879
0.741878
0.741878
0.741878
0.741878
0.741878
0.741878
0.741878
0.741878
0.741878
0.741878
0.741878
0.741878
0.741878
0.741878
0.741878
0.741878
0.741878
0.741878
0.741879
0.738389
0.73839
0.73839
0.738389
0.738389
0.738389
0.738389
0.738389
0.738389
0.738389
0.738389
0.738389
0.738389
0.738389
0.738389
0.738389
0.738389
0.73839
0.73839
0.738389
0.736911
0.736912
0.736912
0.736912
0.736912
0.736912
0.736912
0.736912
0.736912
0.736912
0.736912
0.736912
0.736912
0.736912
0.736912
0.736912
0.736912
0.736912
0.736912
0.736911
0.739015
0.739017
0.739017
0.739017
0.739017
0.739017
0.739017
0.739017
0.739017
0.739017
0.739017
0.739017
0.739017
0.739017
0.739017
0.739017
0.739017
0.739017
0.739017
0.739015
0.752763
0.752767
0.752767
0.752767
0.752767
0.752767
0.752767
0.752767
0.752767
0.752767
0.752767
0.752767
0.752767
0.752767
0.752767
0.752767
0.752767
0.752767
0.752767
0.752763
0.599969
0.599965
0.599965
0.599964
0.599964
0.599964
0.599964
0.599964
0.599964
0.599964
0.599964
0.599964
0.599964
0.599964
0.599964
0.599964
0.599964
0.599965
0.599965
0.599969
0.178039
0.178038
0.178038
0.178038
0.178038
0.178038
0.178038
0.178038
0.178038
0.178038
0.178038
0.178038
0.178038
0.178038
0.178038
0.178038
0.178038
0.178038
0.178038
0.178039
0.0676792
0.0676793
0.0676792
0.0676793
0.0676793
0.0676793
0.0676793
0.0676793
0.0676793
0.0676793
0.0676793
0.0676793
0.0676793
0.0676793
0.0676793
0.0676793
0.0676793
0.0676792
0.0676793
0.0676792
0.0388145
0.0388145
0.0388145
0.0388145
0.0388145
0.0388145
0.0388145
0.0388145
0.0388145
0.0388145
0.0388145
0.0388145
0.0388145
0.0388145
0.0388145
0.0388145
0.0388145
0.0388145
0.0388145
0.0388145
0.0304494
0.0304494
0.0304494
0.0304494
0.0304494
0.0304494
0.0304494
0.0304494
0.0304494
0.0304494
0.0304494
0.0304494
0.0304494
0.0304494
0.0304494
0.0304494
0.0304494
0.0304494
0.0304494
0.0304494
0.0271537
0.0271537
0.0271537
0.0271537
0.0271537
0.0271537
0.0271537
0.0271537
0.0271537
0.0271537
0.0271537
0.0271537
0.0271537
0.0271537
0.0271537
0.0271537
0.0271537
0.0271537
0.0271537
0.0271537
)
;

boundaryField
{
    inlet
    {
        type            fixedValue;
        value           uniform 0.0263819;
    }
    outlet
    {
        type            waveTransmissive;
        gamma           1.33333;
        fieldInf        0.75;
        lInf            3;
        value           nonuniform List<scalar> 
20
(
0.75
0.75
0.75
0.75
0.75
0.75
0.75
0.75
0.75
0.75
0.75
0.75
0.75
0.75
0.75
0.75
0.75
0.75
0.75
0.75
)
;
    }
    left
    {
        type            cyclic;
    }
    right
    {
        type            cyclic;
    }
    frontAndBack
    {
        type            empty;
    }
}


// ************************************************************************* //
