/*--------------------------------*- C++ -*----------------------------------*\
| =========                 |                                                 |
| \\      /  F ield         | OpenFOAM: The Open Source CFD Toolbox           |
|  \\    /   O peration     | Version:  v1712                                 |
|   \\  /    A nd           | Web:      www.OpenFOAM.com                      |
|    \\/     M anipulation  |                                                 |
\*---------------------------------------------------------------------------*/
FoamFile
{
    version     2.0;
    format      ascii;
    class       volScalarField;
    location    "0.5";
    object      T;
}
// * * * * * * * * * * * * * * * * * * * * * * * * * * * * * * * * * * * * * //

dimensions      [0 0 0 1 0 0 0];


internalField   nonuniform List<scalar> 
400
(
1.05
1.05
1.05
1.05
1.05
1.05
1.05
1.05
1.05
1.05
1.05
1.05
1.05
1.05
1.05
1.05
1.05
1.05
1.05
1.05
1.05
1.05
1.05
1.05
1.05
1.05
1.05
1.05
1.05
1.05
1.05
1.05
1.05
1.05
1.05
1.05
1.05
1.05
1.05
1.05
1.05
1.05
1.05
1.05
1.05
1.05
1.05
1.05
1.05
1.05
1.05
1.05
1.05
1.05
1.05
1.05
1.05
1.05
1.05
1.05
1.05003
1.05003
1.05003
1.05003
1.05003
1.05003
1.05003
1.05003
1.05003
1.05003
1.05003
1.05003
1.05003
1.05003
1.05003
1.05003
1.05003
1.05003
1.05003
1.05003
1.05034
1.05034
1.05034
1.05034
1.05034
1.05034
1.05034
1.05034
1.05034
1.05034
1.05034
1.05034
1.05034
1.05034
1.05034
1.05034
1.05034
1.05034
1.05034
1.05034
1.05032
1.05032
1.05032
1.05032
1.05032
1.05032
1.05032
1.05032
1.05032
1.05032
1.05032
1.05032
1.05032
1.05032
1.05032
1.05032
1.05032
1.05032
1.05032
1.05032
1.05022
1.05022
1.05022
1.05022
1.05022
1.05022
1.05022
1.05022
1.05022
1.05022
1.05022
1.05022
1.05022
1.05022
1.05022
1.05022
1.05022
1.05022
1.05022
1.05022
1.05012
1.05012
1.05012
1.05012
1.05012
1.05012
1.05012
1.05012
1.05012
1.05012
1.05012
1.05012
1.05012
1.05012
1.05012
1.05012
1.05012
1.05012
1.05012
1.05012
1.04977
1.04977
1.04977
1.04977
1.04977
1.04977
1.04977
1.04977
1.04977
1.04977
1.04977
1.04977
1.04977
1.04977
1.04977
1.04977
1.04977
1.04977
1.04977
1.04977
1.0471
1.0471
1.0471
1.0471
1.0471
1.0471
1.0471
1.0471
1.0471
1.0471
1.0471
1.0471
1.0471
1.0471
1.0471
1.0471
1.0471
1.0471
1.0471
1.0471
1.04604
1.04604
1.04604
1.04604
1.04604
1.04604
1.04604
1.04604
1.04604
1.04604
1.04604
1.04604
1.04604
1.04604
1.04604
1.04604
1.04604
1.04604
1.04604
1.04604
1.04567
1.04567
1.04567
1.04567
1.04567
1.04567
1.04567
1.04567
1.04567
1.04567
1.04567
1.04567
1.04567
1.04567
1.04567
1.04567
1.04567
1.04567
1.04567
1.04567
1.04463
1.04464
1.04464
1.04464
1.04464
1.04464
1.04464
1.04464
1.04464
1.04464
1.04464
1.04464
1.04464
1.04464
1.04464
1.04464
1.04464
1.04464
1.04464
1.04463
1.04421
1.04421
1.04421
1.04421
1.04421
1.04421
1.04421
1.04421
1.04421
1.04421
1.04421
1.04421
1.04421
1.04421
1.04421
1.04421
1.04421
1.04421
1.04421
1.04421
1.0273
1.0273
1.0273
1.0273
1.0273
1.0273
1.0273
1.0273
1.0273
1.0273
1.0273
1.0273
1.0273
1.0273
1.0273
1.0273
1.0273
1.0273
1.0273
1.0273
0.980024
0.980017
0.980017
0.980017
0.980017
0.980017
0.980017
0.980017
0.980017
0.980017
0.980017
0.980017
0.980017
0.980017
0.980017
0.980017
0.980017
0.980017
0.980017
0.980024
0.363526
0.363526
0.363526
0.363526
0.363526
0.363526
0.363526
0.363526
0.363526
0.363526
0.363526
0.363526
0.363526
0.363526
0.363526
0.363526
0.363526
0.363526
0.363526
0.363526
0.255087
0.255087
0.255087
0.255087
0.255087
0.255087
0.255087
0.255087
0.255087
0.255087
0.255087
0.255087
0.255087
0.255087
0.255087
0.255087
0.255087
0.255087
0.255087
0.255087
0.222397
0.222397
0.222397
0.222397
0.222397
0.222397
0.222397
0.222397
0.222397
0.222397
0.222397
0.222397
0.222397
0.222397
0.222397
0.222397
0.222397
0.222397
0.222397
0.222397
0.212882
0.212883
0.212883
0.212883
0.212883
0.212883
0.212883
0.212883
0.212883
0.212883
0.212883
0.212883
0.212883
0.212883
0.212883
0.212883
0.212883
0.212883
0.212883
0.212882
)
;

boundaryField
{
    inlet
    {
        type            fixedValue;
        value           uniform 0.208502;
    }
    outlet
    {
        type            zeroGradient;
    }
    left
    {
        type            cyclic;
    }
    right
    {
        type            cyclic;
    }
    frontAndBack
    {
        type            empty;
    }
}


// ************************************************************************* //
