/*--------------------------------*- C++ -*----------------------------------*\
| =========                 |                                                 |
| \\      /  F ield         | OpenFOAM: The Open Source CFD Toolbox           |
|  \\    /   O peration     | Version:  v1712                                 |
|   \\  /    A nd           | Web:      www.OpenFOAM.com                      |
|    \\/     M anipulation  |                                                 |
\*---------------------------------------------------------------------------*/
FoamFile
{
    version     2.0;
    format      ascii;
    class       vectorField;
    location    "constant/polyMesh";
    object      points;
}
// * * * * * * * * * * * * * * * * * * * * * * * * * * * * * * * * * * * * * //


882
(
(0 -2 0)
(0.2 -2 0)
(0.4 -2 0)
(0.6 -2 0)
(0.8 -2 0)
(1 -2 0)
(1.2 -2 0)
(1.4 -2 0)
(1.6 -2 0)
(1.8 -2 0)
(2 -2 0)
(2.2 -2 0)
(2.4 -2 0)
(2.6 -2 0)
(2.8 -2 0)
(3 -2 0)
(3.2 -2 0)
(3.4 -2 0)
(3.6 -2 0)
(3.8 -2 0)
(4 -2 0)
(0 -1.8 0)
(0.2 -1.8 0)
(0.4 -1.8 0)
(0.6 -1.8 0)
(0.8 -1.8 0)
(1 -1.8 0)
(1.2 -1.8 0)
(1.4 -1.8 0)
(1.6 -1.8 0)
(1.8 -1.8 0)
(2 -1.8 0)
(2.2 -1.8 0)
(2.4 -1.8 0)
(2.6 -1.8 0)
(2.8 -1.8 0)
(3 -1.8 0)
(3.2 -1.8 0)
(3.4 -1.8 0)
(3.6 -1.8 0)
(3.8 -1.8 0)
(4 -1.8 0)
(0 -1.6 0)
(0.2 -1.6 0)
(0.4 -1.6 0)
(0.6 -1.6 0)
(0.8 -1.6 0)
(1 -1.6 0)
(1.2 -1.6 0)
(1.4 -1.6 0)
(1.6 -1.6 0)
(1.8 -1.6 0)
(2 -1.6 0)
(2.2 -1.6 0)
(2.4 -1.6 0)
(2.6 -1.6 0)
(2.8 -1.6 0)
(3 -1.6 0)
(3.2 -1.6 0)
(3.4 -1.6 0)
(3.6 -1.6 0)
(3.8 -1.6 0)
(4 -1.6 0)
(0 -1.4 0)
(0.2 -1.4 0)
(0.4 -1.4 0)
(0.6 -1.4 0)
(0.8 -1.4 0)
(1 -1.4 0)
(1.2 -1.4 0)
(1.4 -1.4 0)
(1.6 -1.4 0)
(1.8 -1.4 0)
(2 -1.4 0)
(2.2 -1.4 0)
(2.4 -1.4 0)
(2.6 -1.4 0)
(2.8 -1.4 0)
(3 -1.4 0)
(3.2 -1.4 0)
(3.4 -1.4 0)
(3.6 -1.4 0)
(3.8 -1.4 0)
(4 -1.4 0)
(0 -1.2 0)
(0.2 -1.2 0)
(0.4 -1.2 0)
(0.6 -1.2 0)
(0.8 -1.2 0)
(1 -1.2 0)
(1.2 -1.2 0)
(1.4 -1.2 0)
(1.6 -1.2 0)
(1.8 -1.2 0)
(2 -1.2 0)
(2.2 -1.2 0)
(2.4 -1.2 0)
(2.6 -1.2 0)
(2.8 -1.2 0)
(3 -1.2 0)
(3.2 -1.2 0)
(3.4 -1.2 0)
(3.6 -1.2 0)
(3.8 -1.2 0)
(4 -1.2 0)
(0 -1 0)
(0.2 -1 0)
(0.4 -1 0)
(0.6 -1 0)
(0.8 -1 0)
(1 -1 0)
(1.2 -1 0)
(1.4 -1 0)
(1.6 -1 0)
(1.8 -1 0)
(2 -1 0)
(2.2 -1 0)
(2.4 -1 0)
(2.6 -1 0)
(2.8 -1 0)
(3 -1 0)
(3.2 -1 0)
(3.4 -1 0)
(3.6 -1 0)
(3.8 -1 0)
(4 -1 0)
(0 -0.8 0)
(0.2 -0.8 0)
(0.4 -0.8 0)
(0.6 -0.8 0)
(0.8 -0.8 0)
(1 -0.8 0)
(1.2 -0.8 0)
(1.4 -0.8 0)
(1.6 -0.8 0)
(1.8 -0.8 0)
(2 -0.8 0)
(2.2 -0.8 0)
(2.4 -0.8 0)
(2.6 -0.8 0)
(2.8 -0.8 0)
(3 -0.8 0)
(3.2 -0.8 0)
(3.4 -0.8 0)
(3.6 -0.8 0)
(3.8 -0.8 0)
(4 -0.8 0)
(0 -0.6 0)
(0.2 -0.6 0)
(0.4 -0.6 0)
(0.6 -0.6 0)
(0.8 -0.6 0)
(1 -0.6 0)
(1.2 -0.6 0)
(1.4 -0.6 0)
(1.6 -0.6 0)
(1.8 -0.6 0)
(2 -0.6 0)
(2.2 -0.6 0)
(2.4 -0.6 0)
(2.6 -0.6 0)
(2.8 -0.6 0)
(3 -0.6 0)
(3.2 -0.6 0)
(3.4 -0.6 0)
(3.6 -0.6 0)
(3.8 -0.6 0)
(4 -0.6 0)
(0 -0.4 0)
(0.2 -0.4 0)
(0.4 -0.4 0)
(0.6 -0.4 0)
(0.8 -0.4 0)
(1 -0.4 0)
(1.2 -0.4 0)
(1.4 -0.4 0)
(1.6 -0.4 0)
(1.8 -0.4 0)
(2 -0.4 0)
(2.2 -0.4 0)
(2.4 -0.4 0)
(2.6 -0.4 0)
(2.8 -0.4 0)
(3 -0.4 0)
(3.2 -0.4 0)
(3.4 -0.4 0)
(3.6 -0.4 0)
(3.8 -0.4 0)
(4 -0.4 0)
(0 -0.2 0)
(0.2 -0.2 0)
(0.4 -0.2 0)
(0.6 -0.2 0)
(0.8 -0.2 0)
(1 -0.2 0)
(1.2 -0.2 0)
(1.4 -0.2 0)
(1.6 -0.2 0)
(1.8 -0.2 0)
(2 -0.2 0)
(2.2 -0.2 0)
(2.4 -0.2 0)
(2.6 -0.2 0)
(2.8 -0.2 0)
(3 -0.2 0)
(3.2 -0.2 0)
(3.4 -0.2 0)
(3.6 -0.2 0)
(3.8 -0.2 0)
(4 -0.2 0)
(0 0 0)
(0.2 0 0)
(0.4 0 0)
(0.6 0 0)
(0.8 0 0)
(1 0 0)
(1.2 0 0)
(1.4 0 0)
(1.6 0 0)
(1.8 0 0)
(2 0 0)
(2.2 0 0)
(2.4 0 0)
(2.6 0 0)
(2.8 0 0)
(3 0 0)
(3.2 0 0)
(3.4 0 0)
(3.6 0 0)
(3.8 0 0)
(4 0 0)
(0 0.2 0)
(0.2 0.2 0)
(0.4 0.2 0)
(0.6 0.2 0)
(0.8 0.2 0)
(1 0.2 0)
(1.2 0.2 0)
(1.4 0.2 0)
(1.6 0.2 0)
(1.8 0.2 0)
(2 0.2 0)
(2.2 0.2 0)
(2.4 0.2 0)
(2.6 0.2 0)
(2.8 0.2 0)
(3 0.2 0)
(3.2 0.2 0)
(3.4 0.2 0)
(3.6 0.2 0)
(3.8 0.2 0)
(4 0.2 0)
(0 0.4 0)
(0.2 0.4 0)
(0.4 0.4 0)
(0.6 0.4 0)
(0.8 0.4 0)
(1 0.4 0)
(1.2 0.4 0)
(1.4 0.4 0)
(1.6 0.4 0)
(1.8 0.4 0)
(2 0.4 0)
(2.2 0.4 0)
(2.4 0.4 0)
(2.6 0.4 0)
(2.8 0.4 0)
(3 0.4 0)
(3.2 0.4 0)
(3.4 0.4 0)
(3.6 0.4 0)
(3.8 0.4 0)
(4 0.4 0)
(0 0.6 0)
(0.2 0.6 0)
(0.4 0.6 0)
(0.6 0.6 0)
(0.8 0.6 0)
(1 0.6 0)
(1.2 0.6 0)
(1.4 0.6 0)
(1.6 0.6 0)
(1.8 0.6 0)
(2 0.6 0)
(2.2 0.6 0)
(2.4 0.6 0)
(2.6 0.6 0)
(2.8 0.6 0)
(3 0.6 0)
(3.2 0.6 0)
(3.4 0.6 0)
(3.6 0.6 0)
(3.8 0.6 0)
(4 0.6 0)
(0 0.8 0)
(0.2 0.8 0)
(0.4 0.8 0)
(0.6 0.8 0)
(0.8 0.8 0)
(1 0.8 0)
(1.2 0.8 0)
(1.4 0.8 0)
(1.6 0.8 0)
(1.8 0.8 0)
(2 0.8 0)
(2.2 0.8 0)
(2.4 0.8 0)
(2.6 0.8 0)
(2.8 0.8 0)
(3 0.8 0)
(3.2 0.8 0)
(3.4 0.8 0)
(3.6 0.8 0)
(3.8 0.8 0)
(4 0.8 0)
(0 1 0)
(0.2 1 0)
(0.4 1 0)
(0.6 1 0)
(0.8 1 0)
(1 1 0)
(1.2 1 0)
(1.4 1 0)
(1.6 1 0)
(1.8 1 0)
(2 1 0)
(2.2 1 0)
(2.4 1 0)
(2.6 1 0)
(2.8 1 0)
(3 1 0)
(3.2 1 0)
(3.4 1 0)
(3.6 1 0)
(3.8 1 0)
(4 1 0)
(0 1.2 0)
(0.2 1.2 0)
(0.4 1.2 0)
(0.6 1.2 0)
(0.8 1.2 0)
(1 1.2 0)
(1.2 1.2 0)
(1.4 1.2 0)
(1.6 1.2 0)
(1.8 1.2 0)
(2 1.2 0)
(2.2 1.2 0)
(2.4 1.2 0)
(2.6 1.2 0)
(2.8 1.2 0)
(3 1.2 0)
(3.2 1.2 0)
(3.4 1.2 0)
(3.6 1.2 0)
(3.8 1.2 0)
(4 1.2 0)
(0 1.4 0)
(0.2 1.4 0)
(0.4 1.4 0)
(0.6 1.4 0)
(0.8 1.4 0)
(1 1.4 0)
(1.2 1.4 0)
(1.4 1.4 0)
(1.6 1.4 0)
(1.8 1.4 0)
(2 1.4 0)
(2.2 1.4 0)
(2.4 1.4 0)
(2.6 1.4 0)
(2.8 1.4 0)
(3 1.4 0)
(3.2 1.4 0)
(3.4 1.4 0)
(3.6 1.4 0)
(3.8 1.4 0)
(4 1.4 0)
(0 1.6 0)
(0.2 1.6 0)
(0.4 1.6 0)
(0.6 1.6 0)
(0.8 1.6 0)
(1 1.6 0)
(1.2 1.6 0)
(1.4 1.6 0)
(1.6 1.6 0)
(1.8 1.6 0)
(2 1.6 0)
(2.2 1.6 0)
(2.4 1.6 0)
(2.6 1.6 0)
(2.8 1.6 0)
(3 1.6 0)
(3.2 1.6 0)
(3.4 1.6 0)
(3.6 1.6 0)
(3.8 1.6 0)
(4 1.6 0)
(0 1.8 0)
(0.2 1.8 0)
(0.4 1.8 0)
(0.6 1.8 0)
(0.8 1.8 0)
(1 1.8 0)
(1.2 1.8 0)
(1.4 1.8 0)
(1.6 1.8 0)
(1.8 1.8 0)
(2 1.8 0)
(2.2 1.8 0)
(2.4 1.8 0)
(2.6 1.8 0)
(2.8 1.8 0)
(3 1.8 0)
(3.2 1.8 0)
(3.4 1.8 0)
(3.6 1.8 0)
(3.8 1.8 0)
(4 1.8 0)
(0 2 0)
(0.2 2 0)
(0.4 2 0)
(0.6 2 0)
(0.8 2 0)
(1 2 0)
(1.2 2 0)
(1.4 2 0)
(1.6 2 0)
(1.8 2 0)
(2 2 0)
(2.2 2 0)
(2.4 2 0)
(2.6 2 0)
(2.8 2 0)
(3 2 0)
(3.2 2 0)
(3.4 2 0)
(3.6 2 0)
(3.8 2 0)
(4 2 0)
(0 -2 0.1)
(0.2 -2 0.1)
(0.4 -2 0.1)
(0.6 -2 0.1)
(0.8 -2 0.1)
(1 -2 0.1)
(1.2 -2 0.1)
(1.4 -2 0.1)
(1.6 -2 0.1)
(1.8 -2 0.1)
(2 -2 0.1)
(2.2 -2 0.1)
(2.4 -2 0.1)
(2.6 -2 0.1)
(2.8 -2 0.1)
(3 -2 0.1)
(3.2 -2 0.1)
(3.4 -2 0.1)
(3.6 -2 0.1)
(3.8 -2 0.1)
(4 -2 0.1)
(0 -1.8 0.1)
(0.2 -1.8 0.1)
(0.4 -1.8 0.1)
(0.6 -1.8 0.1)
(0.8 -1.8 0.1)
(1 -1.8 0.1)
(1.2 -1.8 0.1)
(1.4 -1.8 0.1)
(1.6 -1.8 0.1)
(1.8 -1.8 0.1)
(2 -1.8 0.1)
(2.2 -1.8 0.1)
(2.4 -1.8 0.1)
(2.6 -1.8 0.1)
(2.8 -1.8 0.1)
(3 -1.8 0.1)
(3.2 -1.8 0.1)
(3.4 -1.8 0.1)
(3.6 -1.8 0.1)
(3.8 -1.8 0.1)
(4 -1.8 0.1)
(0 -1.6 0.1)
(0.2 -1.6 0.1)
(0.4 -1.6 0.1)
(0.6 -1.6 0.1)
(0.8 -1.6 0.1)
(1 -1.6 0.1)
(1.2 -1.6 0.1)
(1.4 -1.6 0.1)
(1.6 -1.6 0.1)
(1.8 -1.6 0.1)
(2 -1.6 0.1)
(2.2 -1.6 0.1)
(2.4 -1.6 0.1)
(2.6 -1.6 0.1)
(2.8 -1.6 0.1)
(3 -1.6 0.1)
(3.2 -1.6 0.1)
(3.4 -1.6 0.1)
(3.6 -1.6 0.1)
(3.8 -1.6 0.1)
(4 -1.6 0.1)
(0 -1.4 0.1)
(0.2 -1.4 0.1)
(0.4 -1.4 0.1)
(0.6 -1.4 0.1)
(0.8 -1.4 0.1)
(1 -1.4 0.1)
(1.2 -1.4 0.1)
(1.4 -1.4 0.1)
(1.6 -1.4 0.1)
(1.8 -1.4 0.1)
(2 -1.4 0.1)
(2.2 -1.4 0.1)
(2.4 -1.4 0.1)
(2.6 -1.4 0.1)
(2.8 -1.4 0.1)
(3 -1.4 0.1)
(3.2 -1.4 0.1)
(3.4 -1.4 0.1)
(3.6 -1.4 0.1)
(3.8 -1.4 0.1)
(4 -1.4 0.1)
(0 -1.2 0.1)
(0.2 -1.2 0.1)
(0.4 -1.2 0.1)
(0.6 -1.2 0.1)
(0.8 -1.2 0.1)
(1 -1.2 0.1)
(1.2 -1.2 0.1)
(1.4 -1.2 0.1)
(1.6 -1.2 0.1)
(1.8 -1.2 0.1)
(2 -1.2 0.1)
(2.2 -1.2 0.1)
(2.4 -1.2 0.1)
(2.6 -1.2 0.1)
(2.8 -1.2 0.1)
(3 -1.2 0.1)
(3.2 -1.2 0.1)
(3.4 -1.2 0.1)
(3.6 -1.2 0.1)
(3.8 -1.2 0.1)
(4 -1.2 0.1)
(0 -1 0.1)
(0.2 -1 0.1)
(0.4 -1 0.1)
(0.6 -1 0.1)
(0.8 -1 0.1)
(1 -1 0.1)
(1.2 -1 0.1)
(1.4 -1 0.1)
(1.6 -1 0.1)
(1.8 -1 0.1)
(2 -1 0.1)
(2.2 -1 0.1)
(2.4 -1 0.1)
(2.6 -1 0.1)
(2.8 -1 0.1)
(3 -1 0.1)
(3.2 -1 0.1)
(3.4 -1 0.1)
(3.6 -1 0.1)
(3.8 -1 0.1)
(4 -1 0.1)
(0 -0.8 0.1)
(0.2 -0.8 0.1)
(0.4 -0.8 0.1)
(0.6 -0.8 0.1)
(0.8 -0.8 0.1)
(1 -0.8 0.1)
(1.2 -0.8 0.1)
(1.4 -0.8 0.1)
(1.6 -0.8 0.1)
(1.8 -0.8 0.1)
(2 -0.8 0.1)
(2.2 -0.8 0.1)
(2.4 -0.8 0.1)
(2.6 -0.8 0.1)
(2.8 -0.8 0.1)
(3 -0.8 0.1)
(3.2 -0.8 0.1)
(3.4 -0.8 0.1)
(3.6 -0.8 0.1)
(3.8 -0.8 0.1)
(4 -0.8 0.1)
(0 -0.6 0.1)
(0.2 -0.6 0.1)
(0.4 -0.6 0.1)
(0.6 -0.6 0.1)
(0.8 -0.6 0.1)
(1 -0.6 0.1)
(1.2 -0.6 0.1)
(1.4 -0.6 0.1)
(1.6 -0.6 0.1)
(1.8 -0.6 0.1)
(2 -0.6 0.1)
(2.2 -0.6 0.1)
(2.4 -0.6 0.1)
(2.6 -0.6 0.1)
(2.8 -0.6 0.1)
(3 -0.6 0.1)
(3.2 -0.6 0.1)
(3.4 -0.6 0.1)
(3.6 -0.6 0.1)
(3.8 -0.6 0.1)
(4 -0.6 0.1)
(0 -0.4 0.1)
(0.2 -0.4 0.1)
(0.4 -0.4 0.1)
(0.6 -0.4 0.1)
(0.8 -0.4 0.1)
(1 -0.4 0.1)
(1.2 -0.4 0.1)
(1.4 -0.4 0.1)
(1.6 -0.4 0.1)
(1.8 -0.4 0.1)
(2 -0.4 0.1)
(2.2 -0.4 0.1)
(2.4 -0.4 0.1)
(2.6 -0.4 0.1)
(2.8 -0.4 0.1)
(3 -0.4 0.1)
(3.2 -0.4 0.1)
(3.4 -0.4 0.1)
(3.6 -0.4 0.1)
(3.8 -0.4 0.1)
(4 -0.4 0.1)
(0 -0.2 0.1)
(0.2 -0.2 0.1)
(0.4 -0.2 0.1)
(0.6 -0.2 0.1)
(0.8 -0.2 0.1)
(1 -0.2 0.1)
(1.2 -0.2 0.1)
(1.4 -0.2 0.1)
(1.6 -0.2 0.1)
(1.8 -0.2 0.1)
(2 -0.2 0.1)
(2.2 -0.2 0.1)
(2.4 -0.2 0.1)
(2.6 -0.2 0.1)
(2.8 -0.2 0.1)
(3 -0.2 0.1)
(3.2 -0.2 0.1)
(3.4 -0.2 0.1)
(3.6 -0.2 0.1)
(3.8 -0.2 0.1)
(4 -0.2 0.1)
(0 0 0.1)
(0.2 0 0.1)
(0.4 0 0.1)
(0.6 0 0.1)
(0.8 0 0.1)
(1 0 0.1)
(1.2 0 0.1)
(1.4 0 0.1)
(1.6 0 0.1)
(1.8 0 0.1)
(2 0 0.1)
(2.2 0 0.1)
(2.4 0 0.1)
(2.6 0 0.1)
(2.8 0 0.1)
(3 0 0.1)
(3.2 0 0.1)
(3.4 0 0.1)
(3.6 0 0.1)
(3.8 0 0.1)
(4 0 0.1)
(0 0.2 0.1)
(0.2 0.2 0.1)
(0.4 0.2 0.1)
(0.6 0.2 0.1)
(0.8 0.2 0.1)
(1 0.2 0.1)
(1.2 0.2 0.1)
(1.4 0.2 0.1)
(1.6 0.2 0.1)
(1.8 0.2 0.1)
(2 0.2 0.1)
(2.2 0.2 0.1)
(2.4 0.2 0.1)
(2.6 0.2 0.1)
(2.8 0.2 0.1)
(3 0.2 0.1)
(3.2 0.2 0.1)
(3.4 0.2 0.1)
(3.6 0.2 0.1)
(3.8 0.2 0.1)
(4 0.2 0.1)
(0 0.4 0.1)
(0.2 0.4 0.1)
(0.4 0.4 0.1)
(0.6 0.4 0.1)
(0.8 0.4 0.1)
(1 0.4 0.1)
(1.2 0.4 0.1)
(1.4 0.4 0.1)
(1.6 0.4 0.1)
(1.8 0.4 0.1)
(2 0.4 0.1)
(2.2 0.4 0.1)
(2.4 0.4 0.1)
(2.6 0.4 0.1)
(2.8 0.4 0.1)
(3 0.4 0.1)
(3.2 0.4 0.1)
(3.4 0.4 0.1)
(3.6 0.4 0.1)
(3.8 0.4 0.1)
(4 0.4 0.1)
(0 0.6 0.1)
(0.2 0.6 0.1)
(0.4 0.6 0.1)
(0.6 0.6 0.1)
(0.8 0.6 0.1)
(1 0.6 0.1)
(1.2 0.6 0.1)
(1.4 0.6 0.1)
(1.6 0.6 0.1)
(1.8 0.6 0.1)
(2 0.6 0.1)
(2.2 0.6 0.1)
(2.4 0.6 0.1)
(2.6 0.6 0.1)
(2.8 0.6 0.1)
(3 0.6 0.1)
(3.2 0.6 0.1)
(3.4 0.6 0.1)
(3.6 0.6 0.1)
(3.8 0.6 0.1)
(4 0.6 0.1)
(0 0.8 0.1)
(0.2 0.8 0.1)
(0.4 0.8 0.1)
(0.6 0.8 0.1)
(0.8 0.8 0.1)
(1 0.8 0.1)
(1.2 0.8 0.1)
(1.4 0.8 0.1)
(1.6 0.8 0.1)
(1.8 0.8 0.1)
(2 0.8 0.1)
(2.2 0.8 0.1)
(2.4 0.8 0.1)
(2.6 0.8 0.1)
(2.8 0.8 0.1)
(3 0.8 0.1)
(3.2 0.8 0.1)
(3.4 0.8 0.1)
(3.6 0.8 0.1)
(3.8 0.8 0.1)
(4 0.8 0.1)
(0 1 0.1)
(0.2 1 0.1)
(0.4 1 0.1)
(0.6 1 0.1)
(0.8 1 0.1)
(1 1 0.1)
(1.2 1 0.1)
(1.4 1 0.1)
(1.6 1 0.1)
(1.8 1 0.1)
(2 1 0.1)
(2.2 1 0.1)
(2.4 1 0.1)
(2.6 1 0.1)
(2.8 1 0.1)
(3 1 0.1)
(3.2 1 0.1)
(3.4 1 0.1)
(3.6 1 0.1)
(3.8 1 0.1)
(4 1 0.1)
(0 1.2 0.1)
(0.2 1.2 0.1)
(0.4 1.2 0.1)
(0.6 1.2 0.1)
(0.8 1.2 0.1)
(1 1.2 0.1)
(1.2 1.2 0.1)
(1.4 1.2 0.1)
(1.6 1.2 0.1)
(1.8 1.2 0.1)
(2 1.2 0.1)
(2.2 1.2 0.1)
(2.4 1.2 0.1)
(2.6 1.2 0.1)
(2.8 1.2 0.1)
(3 1.2 0.1)
(3.2 1.2 0.1)
(3.4 1.2 0.1)
(3.6 1.2 0.1)
(3.8 1.2 0.1)
(4 1.2 0.1)
(0 1.4 0.1)
(0.2 1.4 0.1)
(0.4 1.4 0.1)
(0.6 1.4 0.1)
(0.8 1.4 0.1)
(1 1.4 0.1)
(1.2 1.4 0.1)
(1.4 1.4 0.1)
(1.6 1.4 0.1)
(1.8 1.4 0.1)
(2 1.4 0.1)
(2.2 1.4 0.1)
(2.4 1.4 0.1)
(2.6 1.4 0.1)
(2.8 1.4 0.1)
(3 1.4 0.1)
(3.2 1.4 0.1)
(3.4 1.4 0.1)
(3.6 1.4 0.1)
(3.8 1.4 0.1)
(4 1.4 0.1)
(0 1.6 0.1)
(0.2 1.6 0.1)
(0.4 1.6 0.1)
(0.6 1.6 0.1)
(0.8 1.6 0.1)
(1 1.6 0.1)
(1.2 1.6 0.1)
(1.4 1.6 0.1)
(1.6 1.6 0.1)
(1.8 1.6 0.1)
(2 1.6 0.1)
(2.2 1.6 0.1)
(2.4 1.6 0.1)
(2.6 1.6 0.1)
(2.8 1.6 0.1)
(3 1.6 0.1)
(3.2 1.6 0.1)
(3.4 1.6 0.1)
(3.6 1.6 0.1)
(3.8 1.6 0.1)
(4 1.6 0.1)
(0 1.8 0.1)
(0.2 1.8 0.1)
(0.4 1.8 0.1)
(0.6 1.8 0.1)
(0.8 1.8 0.1)
(1 1.8 0.1)
(1.2 1.8 0.1)
(1.4 1.8 0.1)
(1.6 1.8 0.1)
(1.8 1.8 0.1)
(2 1.8 0.1)
(2.2 1.8 0.1)
(2.4 1.8 0.1)
(2.6 1.8 0.1)
(2.8 1.8 0.1)
(3 1.8 0.1)
(3.2 1.8 0.1)
(3.4 1.8 0.1)
(3.6 1.8 0.1)
(3.8 1.8 0.1)
(4 1.8 0.1)
(0 2 0.1)
(0.2 2 0.1)
(0.4 2 0.1)
(0.6 2 0.1)
(0.8 2 0.1)
(1 2 0.1)
(1.2 2 0.1)
(1.4 2 0.1)
(1.6 2 0.1)
(1.8 2 0.1)
(2 2 0.1)
(2.2 2 0.1)
(2.4 2 0.1)
(2.6 2 0.1)
(2.8 2 0.1)
(3 2 0.1)
(3.2 2 0.1)
(3.4 2 0.1)
(3.6 2 0.1)
(3.8 2 0.1)
(4 2 0.1)
)


// ************************************************************************* //
